1 50
2 50
3 50
4 50
5 50
6 50
7 50
8 50
9 50
10 50
11 50
12 50
13 50
14 50
15 50
16 50
17 50
18 50
19 50
20 50
21 50
22 50
23 50
24 50
25 50
26 50
27 50
28 50
29 50
30 50
1 100
2 100
3 100
4 100
5 100
6 100
7 100
8 100
9 100
10 100
11 100
12 100
13 100
14 100
15 100
16 100
17 100
18 100
19 100
20 100
21 100
22 100
23 100
24 100
25 100
26 100
27 100
28 100
29 100
30 100
1 150
2 150
3 150
4 150
5 150
6 150
7 150
8 150
9 150
10 150
11 150
12 150
13 150
14 150
15 150
16 150
17 150
18 150
19 150
20 150
21 150
22 150
23 150
24 150
25 150
26 150
27 150
28 150
29 150
30 150
1 200
2 200
3 200
4 200
5 200
6 200
7 200
8 200
9 200
10 200
11 200
12 200
13 200
14 200
15 200
16 200
17 200
18 200
19 200
20 200
21 200
22 200
23 200
24 200
25 200
26 200
27 200
28 200
29 200
30 200
1 250
2 250
3 250
4 250
5 250
6 250
7 250
8 250
9 250
10 250
11 250
12 250
13 250
14 250
15 250
16 250
17 250
18 250
19 250
20 250
21 250
22 250
23 250
24 250
25 250
26 250
27 250
28 250
29 250
30 250
1 300
2 300
3 300
4 300
5 300
6 300
7 300
8 300
9 300
10 300
11 300
12 300
13 300
14 300
15 300
16 300
17 300
18 300
19 300
20 300
21 300
22 300
23 300
24 300
25 300
26 300
27 300
28 300
29 300
30 300
1 350
2 350
3 350
4 350
5 350
6 350
7 350
8 350
9 350
10 350
11 350
12 350
13 350
14 350
15 350
16 350
17 350
18 350
19 350
20 350
21 350
22 350
23 350
24 350
25 350
26 350
27 350
28 350
29 350
30 350
1 400
2 400
3 400
4 400
5 400
6 400
7 400
8 400
9 400
10 400
11 400
12 400
13 400
14 400
15 400
16 400
17 400
18 400
19 400
20 400
21 400
22 400
23 400
24 400
25 400
26 400
27 400
28 400
29 400
30 400
1 450
2 450
3 450
4 450
5 450
6 450
7 450
8 450
9 450
10 450
11 450
12 450
13 450
14 450
15 450
16 450
17 450
18 450
19 450
20 450
21 450
22 450
23 450
24 450
25 450
26 450
27 450
28 450
29 450
30 450
1 500
2 500
3 500
4 500
5 500
6 500
7 500
8 500
9 500
10 500
11 500
12 500
13 500
14 500
15 500
16 500
17 500
18 500
19 500
20 500
21 500
22 500
23 500
24 500
25 500
26 500
27 500
28 500
29 500
30 500
1 550
2 550
3 550
4 550
5 550
6 550
7 550
8 550
9 550
10 550
11 550
12 550
13 550
14 550
15 550
16 550
17 550
18 550
19 550
20 550
21 550
22 550
23 550
24 550
25 550
26 550
27 550
28 550
29 550
30 550
1 600
2 600
3 600
4 600
5 600
6 600
7 600
8 600
9 600
10 600
11 600
12 600
13 600
14 600
15 600
16 600
17 600
18 600
19 600
20 600
21 600
22 600
23 600
24 600
25 600
26 600
27 600
28 600
29 600
30 600
1 650
2 650
3 650
4 650
5 650
6 650
7 650
8 650
9 650
10 650
11 650
12 650
13 650
14 650
15 650
16 650
17 650
18 650
19 650
20 650
21 650
22 650
23 650
24 650
25 650
26 650
27 650
28 650
29 650
30 650
1 700
2 700
3 700
4 700
5 700
6 700
7 700
8 700
9 700
10 700
11 700
12 700
13 700
14 700
15 700
16 700
17 700
18 700
19 700
20 700
21 700
22 700
23 700
24 700
25 700
26 700
27 700
28 700
29 700
30 700
1 750
2 750
3 750
4 750
5 750
6 750
7 750
8 750
9 750
10 750
11 750
12 750
13 750
14 750
15 750
16 750
17 750
18 750
19 750
20 750
21 750
22 750
23 750
24 750
25 750
26 750
27 750
28 750
29 750
30 750
1 800
2 800
3 800
4 800
5 800
6 800
7 800
8 800
9 800
10 800
11 800
12 800
13 800
14 800
15 800
16 800
17 800
18 800
19 800
20 800
21 800
22 800
23 800
24 800
25 800
26 800
27 800
28 800
29 800
30 800
1 850
2 850
3 850
4 850
5 850
6 850
7 850
8 850
9 850
10 850
11 850
12 850
13 850
14 850
15 850
16 850
17 850
18 850
19 850
20 850
21 850
22 850
23 850
24 850
25 850
26 850
27 850
28 850
29 850
30 850
1 900
2 900
3 900
4 900
5 900
6 900
7 900
8 900
9 900
10 900
11 900
12 900
13 900
14 900
15 900
16 900
17 900
18 900
19 900
20 900
21 900
22 900
23 900
24 900
25 900
26 900
27 900
28 900
29 900
30 900
1 950
2 950
3 950
4 950
5 950
6 950
7 950
8 950
9 950
10 950
11 950
12 950
13 950
14 950
15 950
16 950
17 950
18 950
19 950
20 950
21 950
22 950
23 950
24 950
25 950
26 950
27 950
28 950
29 950
30 950
1 1000
2 1000
3 1000
4 1000
5 1000
6 1000
7 1000
8 1000
9 1000
10 1000
11 1000
12 1000
13 1000
14 1000
15 1000
16 1000
17 1000
18 1000
19 1000
20 1000
21 1000
22 1000
23 1000
24 1000
25 1000
26 1000
27 1000
28 1000
29 1000
30 1000
