1 0.05 200 1000 200 8e-05 0.99
2 0.05 200 1000 200 8e-05 0.99
3 0.05 200 1000 200 8e-05 0.99
4 0.05 200 1000 200 8e-05 0.99
5 0.05 200 1000 200 8e-05 0.99
6 0.05 200 1000 200 8e-05 0.99
7 0.05 200 1000 200 8e-05 0.99
8 0.05 200 1000 200 8e-05 0.99
9 0.05 200 1000 200 8e-05 0.99
10 0.05 200 1000 200 8e-05 0.99
11 0.05 200 1000 200 8e-05 0.99
12 0.05 200 1000 200 8e-05 0.99
13 0.05 200 1000 200 8e-05 0.99
14 0.05 200 1000 200 8e-05 0.99
15 0.05 200 1000 200 8e-05 0.99
16 0.05 200 1000 200 8e-05 0.99
17 0.05 200 1000 200 8e-05 0.99
18 0.05 200 1000 200 8e-05 0.99
19 0.05 200 1000 200 8e-05 0.99
20 0.05 200 1000 200 8e-05 0.99
21 0.05 200 1000 200 8e-05 0.99
22 0.05 200 1000 200 8e-05 0.99
23 0.05 200 1000 200 8e-05 0.99
24 0.05 200 1000 200 8e-05 0.99
25 0.05 200 1000 200 8e-05 0.99
26 0.05 200 1000 200 8e-05 0.99
27 0.05 200 1000 200 8e-05 0.99
28 0.05 200 1000 200 8e-05 0.99
29 0.05 200 1000 200 8e-05 0.99
30 0.05 200 1000 200 8e-05 0.99
